#NX=2
#NY=80
0,0,0_500,0,0
0,30,0_500,30,0
0,60,0_500,60,0
0,90,0_500,90,0
0,120,0_500,120,0
0,150,0_500,150,0
0,180,0_500,180,0
0,210,0_500,210,0
0,240,0_500,240,0
0,270,0_500,270,0
0,300,0_500,300,0
0,330,0_500,330,0
0,360,0_500,360,0
0,390,0_500,390,0
0,420,0_500,420,0
0,450,0_500,450,0
0,480,0_500,480,0
0,510,0_500,510,0
0,540,0_500,540,0
0,570,0_500,570,0
0,600,0_500,600,0
0,630,0_500,630,0
0,660,0_500,660,0
0,690,0_500,690,0
0,720,0_500,720,0
0,750,0_500,750,0
0,780,0_500,780,0
0,810,0_500,810,0
0,840,0_500,840,0
0,870,0_500,870,0
0,900,0_500,900,0
0,930,0_500,930,0
0,960,0_500,960,0
0,990,0_500,990,0
0,1020,0_500,1020,0
0,1050,0_500,1050,0
0,1080,0_500,1080,0
0,1110,0_500,1110,0
0,1140,0_500,1140,0
0,1170,0_500,1170,0
0,1200,0_500,1200,0
0,1230,0_500,1230,0
0,1260,0_500,1260,0
0,1290,0_500,1290,0
0,1320,0_500,1320,0
0,1350,0_500,1350,0
0,1380,0_500,1380,0
0,1410,0_500,1410,0
0,1440,0_500,1440,0
0,1470,0_500,1470,0
0,1500,0_500,1500,0
0,1530,0_500,1530,0
0,1560,0_500,1560,0
0,1590,0_500,1590,0
0,1620,0_500,1620,0
0,1650,0_500,1650,0
0,1680,0_500,1680,0
0,1710,0_500,1710,0
0,1740,0_500,1740,0
0,1770,0_500,1770,0
0,1800,0_500,1800,0
0,1830,0_500,1830,0
0,1860,0_500,1860,0
0,1890,0_500,1890,0
0,1920,0_500,1920,0
0,1950,0_500,1950,0
0,1980,0_500,1980,0
0,2010,0_500,2010,0
0,2040,0_500,2040,0
0,2070,0_500,2070,0
0,2100,0_500,2100,0
0,2130,0_500,2130,0
0,2160,0_500,2160,0
0,2190,0_500,2190,0
0,2220,0_500,2220,0
0,2250,0_500,2250,0
0,2280,0_500,2280,0
0,2310,0_500,2310,0
0,2340,0_500,2340,0
0,2370,0_500,2370,0
